object MainForm: TMainForm
  Left = 0
  Top = 0
  Caption = 'ValC: using the BusinessLayer API classes...'
  ClientHeight = 662
  ClientWidth = 729
  FormFactor.Width = 320
  FormFactor.Height = 480
  FormFactor.Devices = [dkDesktop, dkiPhone, dkiPad]
  OnShow = onShow
  DesignerMobile = False
  DesignerWidth = 0
  DesignerHeight = 0
  DesignerDeviceName = ''
  DesignerOrientation = 0
  object output: TMemo
    Align = alTop
    Height = 447.000000000000000000
    Margins.Left = 10.000000000000000000
    Margins.Top = 50.000000000000000000
    Margins.Right = 10.000000000000000000
    Margins.Bottom = 10.000000000000000000
    Position.X = 10.000000000000000000
    Position.Y = 50.000000000000000000
    TabOrder = 0
    Width = 709.000000000000000000
    ReadOnly = True
    WordWrap = True
  end
  object Label1: TLabel
    Height = 17.000000000000000000
    Position.X = 8.000000000000000000
    Position.Y = 24.000000000000000000
    Text = 'Log output'
    Width = 120.000000000000000000
  end
  object warnings: TMemo
    Height = 113.000000000000000000
    Position.X = 16.000000000000000000
    Position.Y = 528.000000000000000000
    TabOrder = 2
    Width = 697.000000000000000000
  end
end
